{
    "camera_angle_x": 0.6911112070083618,
    "frames": [
        {
            "file_path": "./train/r_0",
            "rotation": 0.012566370614359171,
            "transform_matrix": [
                [
                    -0.9250140190124512,
                    0.2748899757862091,
                    -0.2622683644294739,
                    -1.0572376251220703
                ],
                [
                    -0.3799331784248352,
                    -0.6692678928375244,
                    0.6385383605957031,
                    2.5740303993225098
                ],
                [
                    0.0,
                    0.6903012990951538,
                    0.7235219478607178,
                    2.9166102409362793
                ],
                [
                    0.0,
                    0.0,
                    0.0,
                    1.0
                ]
            ]
        },
        {
            "file_path": "./train/r_1",
            "rotation": 0.012566370614359171,
            "transform_matrix": [
                [
                    0.6858149766921997,
                    -0.7249027490615845,
                    0.06460536271333694,
                    0.26043257117271423
                ],
                [
                    0.7277759909629822,
                    0.6831074357032776,
                    -0.060880452394485474,
                    -0.24541696906089783
                ],
                [
                    3.725290298461914e-09,
                    0.08877081423997879,
                    0.9960520267486572,
                    4.015214443206787
                ],
                [
                    0.0,
                    0.0,
                    0.0,
                    1.0
                ]
            ]
        },
        {
            "file_path": "./train/r_2",
            "rotation": 0.012566370614359171,
            "transform_matrix": [
                [
                    0.3260957896709442,
                    0.14048941433429718,
                    -0.934839129447937,
                    -3.7684571743011475
                ],
                [
                    -0.9453368186950684,
                    0.04846210405230522,
                    -0.3224746286869049,
                    -1.2999367713928223
                ],
                [
                    0.0,
                    0.9888953566551208,
                    0.1486130952835083,
                    0.5990785360336304
                ],
                [
                    0.0,
                    0.0,
                    0.0,
                    1.0
                ]
            ]
        },
        {
            "file_path": "./train/r_3",
            "rotation": 0.012566370614359171,
            "transform_matrix": [
                [
                    -0.9063443541526794,
                    -0.156948983669281,
                    0.3923097252845764,
                    1.5814510583877563
                ],
                [
                    0.4225398004055023,
                    -0.3366542458534241,
                    0.8415010571479797,
                    3.3921992778778076
                ],
                [
                    0.0,
                    0.9284562468528748,
                    0.37144190073013306,
                    1.4973301887512207
                ],
                [
                    0.0,
                    0.0,
                    0.0,
                    1.0
                ]
            ]
        },
        {
            "file_path": "./train/r_4",
            "rotation": 0.012566370614359171,
            "transform_matrix": [
                [
                    0.8591064810752869,
                    -0.4538917541503906,
                    0.2364707589149475,
                    0.953244149684906
                ],
                [
                    0.5117969512939453,
                    0.7619063258171082,
                    -0.3969416916370392,
                    -1.6001232862472534
                ],
                [
                    -1.4901161193847656e-08,
                    0.46204015612602234,
                    0.8868588805198669,
                    3.575042724609375
                ],
                [
                    0.0,
                    0.0,
                    0.0,
                    1.0
                ]
            ]
        },
        {
            "file_path": "./train/r_5",
            "rotation": 0.012566370614359171,
            "transform_matrix": [
                [
                    0.462623655796051,
                    -0.4831503927707672,
                    0.7433337569236755,
                    2.996474266052246
                ],
                [
                    0.8865548372268677,
                    0.25211840867996216,
                    -0.38788774609565735,
                    -1.5636255741119385
                ],
                [
                    0.0,
                    0.8384521007537842,
                    0.544975221157074,
                    2.1968653202056885
                ],
                [
                    0.0,
                    0.0,
                    0.0,
                    1.0
                ]
            ]
        },
        {
            "file_path": "./train/r_6",
            "rotation": 0.012566370614359171,
            "transform_matrix": [
                [
                    -0.06443945318460464,
                    -0.26465365290641785,
                    0.9621880650520325,
                    3.878704309463501
                ],
                [
                    0.9979217052459717,
                    -0.01708965376019478,
                    0.06213200092315674,
                    0.2504621148109436
                ],
                [
                    0.0,
                    0.9641920328140259,
                    0.26520484685897827,
                    1.069075107574463
                ],
                [
                    0.0,
                    0.0,
                    0.0,
                    1.0
                ]
            ]
        },
        {
            "file_path": "./train/r_7",
            "rotation": 0.012566370614359171,
            "transform_matrix": [
                [
                    -0.9958431124687195,
                    -0.060012977570295334,
                    0.06851974874734879,
                    0.2762119472026825
                ],
                [
                    0.09108519554138184,
                    -0.6561276316642761,
                    0.7491329312324524,
                    3.0198514461517334
                ],
                [
                    3.7252898543727042e-09,
                    0.7522600293159485,
                    0.6588664054870605,
                    2.655975341796875
                ],
                [
                    0.0,
                    0.0,
                    0.0,
                    1.0
                ]
            ]
        },
        {
            "file_path": "./train/r_8",
            "rotation": 0.012566370614359171,
            "transform_matrix": [
                [
                    0.9012928605079651,
                    0.18108686804771423,
                    -0.39354631304740906,
                    -1.5864359140396118
                ],
                [
                    -0.4332102835178375,
                    0.37675073742866516,
                    -0.8187720775604248,
                    -3.3005757331848145
                ],
                [
                    -1.4901161193847656e-08,
                    0.9084417223930359,
                    0.41801145672798157,
                    1.6850581169128418
                ],
                [
                    0.0,
                    0.0,
                    0.0,
                    1.0
                ]
            ]
        },
        {
            "file_path": "./train/r_9",
            "rotation": 0.012566370614359171,
            "transform_matrix": [
                [
                    -0.8507986068725586,
                    0.20614278316497803,
                    -0.483370304107666,
                    -1.9485280513763428
                ],
                [
                    -0.5254918932914734,
                    -0.33375585079193115,
                    0.7826015949249268,
                    3.1547679901123047
                ],
                [
                    1.4901161193847656e-08,
                    0.9198436141014099,
                    0.39228537678718567,
                    1.581352949142456
                ],
                [
                    0.0,
                    0.0,
                    0.0,
                    1.0
                ]
            ]
        },
        {
            "file_path": "./train/r_10",
            "rotation": 0.012566370614359171,
            "transform_matrix": [
                [
                    -0.9964723587036133,
                    0.0291383545845747,
                    -0.07870139926671982,
                    -0.31725549697875977
                ],
                [
                    -0.08392231911420822,
                    -0.3459814488887787,
                    0.9344804883003235,
                    3.7670114040374756
                ],
                [
                    0.0,
                    0.937788724899292,
                    0.3472062945365906,
                    1.3996332883834839
                ],
                [
                    0.0,
                    0.0,
                    0.0,
                    1.0
                ]
            ]
        },
        {
            "file_path": "./train/r_11",
            "rotation": 0.012566370614359171,
            "transform_matrix": [
                [
                    -0.6059895157814026,
                    0.3178822100162506,
                    -0.7291965484619141,
                    -2.9394853115081787
                ],
                [
                    -0.7954726219177246,
                    -0.2421620488166809,
                    0.5555005073547363,
                    2.2392940521240234
                ],
                [
                    -1.4901161193847656e-08,
                    0.9166833758354187,
                    0.39961424469947815,
                    1.6108965873718262
                ],
                [
                    0.0,
                    0.0,
                    0.0,
                    1.0
                ]
            ]
        },
        {
            "file_path": "./train/r_12",
            "rotation": 0.012566370614359171,
            "transform_matrix": [
                [
                    -0.5113345384597778,
                    -0.5388402938842773,
                    0.6694684624671936,
                    2.698713779449463
                ],
                [
                    0.8593817949295044,
                    -0.32061147689819336,
                    0.39833560585975647,
                    1.6057422161102295
                ],
                [
                    0.0,
                    0.7790117263793945,
                    0.6270093321800232,
                    2.527555465698242
                ],
                [
                    0.0,
                    0.0,
                    0.0,
                    1.0
                ]
            ]
        },
        {
            "file_path": "./train/r_13",
            "rotation": 0.012566370614359171,
            "transform_matrix": [
                [
                    -0.4027670919895172,
                    -0.37720945477485657,
                    0.8339614272117615,
                    3.3618061542510986
                ],
                [
                    0.9153026342391968,
                    -0.16598613560199738,
                    0.36697396636009216,
                    1.4793193340301514
                ],
                [
                    -1.4901164746561335e-08,
                    0.9111320376396179,
                    0.4121144711971283,
                    1.6612865924835205
                ],
                [
                    0.0,
                    0.0,
                    0.0,
                    1.0
                ]
            ]
        },
        {
            "file_path": "./train/r_14",
            "rotation": 0.012566370614359171,
            "transform_matrix": [
                [
                    0.7454707622528076,
                    -0.35735198855400085,
                    0.5626480579376221,
                    2.2681069374084473
                ],
                [
                    0.6665382385253906,
                    0.39967018365859985,
                    -0.6292777061462402,
                    -2.5366995334625244
                ],
                [
                    0.0,
                    0.8441345691680908,
                    0.5361312031745911,
                    2.1612141132354736
                ],
                [
                    0.0,
                    0.0,
                    0.0,
                    1.0
                ]
            ]
        },
        {
            "file_path": "./train/r_15",
            "rotation": 0.012566370614359171,
            "transform_matrix": [
                [
                    -0.8823493719100952,
                    0.46879974007606506,
                    -0.04106496274471283,
                    -0.16553816199302673
                ],
                [
                    -0.4705948829650879,
                    -0.8789835572242737,
                    0.07699541002511978,
                    0.31037843227386475
                ],
                [
                    3.725290298461914e-09,
                    0.08726167678833008,
                    0.9961854219436646,
                    4.015751838684082
                ],
                [
                    0.0,
                    0.0,
                    0.0,
                    1.0
                ]
            ]
        },
        {
            "file_path": "./train/r_16",
            "rotation": 0.012566370614359171,
            "transform_matrix": [
                [
                    -0.2657671868801117,
                    0.6554209589958191,
                    -0.706959068775177,
                    -2.8498432636260986
                ],
                [
                    -0.964037299156189,
                    -0.18068741261959076,
                    0.19489550590515137,
                    0.7856489419937134
                ],
                [
                    -1.4901162970204496e-08,
                    0.7333316802978516,
                    0.6798709630966187,
                    2.740647554397583
                ],
                [
                    0.0,
                    0.0,
                    0.0,
                    1.0
                ]
            ]
        },
        {
            "file_path": "./train/r_17",
            "rotation": 0.012566370614359171,
            "transform_matrix": [
                [
                    -0.9516690969467163,
                    -0.07177157700061798,
                    0.29862138628959656,
                    1.2037813663482666
                ],
                [
                    0.3071252107620239,
                    -0.2223939448595047,
                    0.9253188371658325,
                    3.7300796508789062
                ],
                [
                    -7.450580596923828e-09,
                    0.9723115563392639,
                    0.23368830978870392,
                    0.9420276880264282
                ],
                [
                    0.0,
                    0.0,
                    0.0,
                    1.0
                ]
            ]
        },
        {
            "file_path": "./train/r_18",
            "rotation": 0.012566370614359171,
            "transform_matrix": [
                [
                    0.3344980478286743,
                    -0.3132399618625641,
                    0.8888148069381714,
                    3.5829269886016846
                ],
                [
                    0.9423965215682983,
                    0.11118266731500626,
                    -0.3154795467853546,
                    -1.2717387676239014
                ],
                [
                    0.0,
                    0.9431432485580444,
                    0.3323865830898285,
                    1.3398932218551636
                ],
                [
                    0.0,
                    0.0,
                    0.0,
                    1.0
                ]
            ]
        },
        {
            "file_path": "./train/r_19",
            "rotation": 0.012566370614359171,
            "transform_matrix": [
                [
                    0.3607509136199951,
                    -0.8952076435089111,
                    0.26165223121643066,
                    1.0547538995742798
                ],
                [
                    0.932662308216095,
                    0.346263587474823,
                    -0.10120629519224167,
                    -0.40797561407089233
                ],
                [
                    7.450581485102248e-09,
                    0.28054356575012207,
                    0.9598413705825806,
                    3.869244337081909
                ],
                [
                    0.0,
                    0.0,
                    0.0,
                    1.0
                ]
            ]
        }
    ]
}
