{
    "camera_angle_x": 0.6194058656692505,
    "frames": [
        {
            "file_path": "./train/r_0",
            "rotation": 0.012566370614359171,
            "transform_matrix": [
                [
                    0.22170037031173706,
                    0.8421244025230408,
                    -0.4916049838066101,
                    -1.9817228317260742
                ],
                [
                    -0.9751149415969849,
                    0.1914638727903366,
                    -0.11177042126655579,
                    -0.45056092739105225
                ],
                [
                    0.0,
                    0.5041508078575134,
                    0.8636157512664795,
                    3.4813458919525146
                ],
                [
                    0.0,
                    0.0,
                    0.0,
                    1.0
                ]
            ]
        },
        {
            "file_path": "./train/r_1",
            "rotation": 0.012566370614359171,
            "transform_matrix": [
                [
                    0.039040111005306244,
                    0.7863055467605591,
                    -0.6166033148765564,
                    -2.485607147216797
                ],
                [
                    -0.9992378354072571,
                    0.030720870941877365,
                    -0.02409062534570694,
                    -0.09711240231990814
                ],
                [
                    0.0,
                    0.6170737743377686,
                    0.7869054675102234,
                    3.172116994857788
                ],
                [
                    0.0,
                    0.0,
                    0.0,
                    1.0
                ]
            ]
        },
        {
            "file_path": "./train/r_2",
            "rotation": 0.012566370614359171,
            "transform_matrix": [
                [
                    0.27897968888282776,
                    -0.9595481157302856,
                    0.03791641816496849,
                    0.15284594893455505
                ],
                [
                    0.960297167301178,
                    0.2787621021270752,
                    -0.01101524755358696,
                    -0.04440388083457947
                ],
                [
                    0.0,
                    0.03948478400707245,
                    0.9992203712463379,
                    4.027985572814941
                ],
                [
                    0.0,
                    0.0,
                    0.0,
                    1.0
                ]
            ]
        },
        {
            "file_path": "./train/r_3",
            "rotation": 0.012566370614359171,
            "transform_matrix": [
                [
                    -0.7553181648254395,
                    -0.33101558685302734,
                    0.5656178593635559,
                    2.280078172683716
                ],
                [
                    0.655358612537384,
                    -0.38150420784950256,
                    0.6518895030021667,
                    2.627850294113159
                ],
                [
                    -1.4901162970204496e-08,
                    0.8630663752555847,
                    0.5050908327102661,
                    2.036086082458496
                ],
                [
                    0.0,
                    0.0,
                    0.0,
                    1.0
                ]
            ]
        },
        {
            "file_path": "./train/r_4",
            "rotation": 0.012566370614359171,
            "transform_matrix": [
                [
                    0.9510930180549622,
                    0.28062090277671814,
                    -0.1291293203830719,
                    -0.5205368995666504
                ],
                [
                    -0.30890533328056335,
                    0.8640077710151672,
                    -0.3975781202316284,
                    -1.6026884317398071
                ],
                [
                    0.0,
                    0.4180225729942322,
                    0.9084367752075195,
                    3.6620254516601562
                ],
                [
                    0.0,
                    0.0,
                    0.0,
                    1.0
                ]
            ]
        },
        {
            "file_path": "./train/r_5",
            "rotation": 0.012566370614359171,
            "transform_matrix": [
                [
                    -0.08179007470607758,
                    -0.9763725399971008,
                    0.20001797378063202,
                    0.806298017501831
                ],
                [
                    0.9966498017311096,
                    -0.08012602478265762,
                    0.016414476558566093,
                    0.06616885960102081
                ],
                [
                    1.862645593320167e-09,
                    0.20069023966789246,
                    0.9796549081802368,
                    3.9491143226623535
                ],
                [
                    0.0,
                    0.0,
                    0.0,
                    1.0
                ]
            ]
        },
        {
            "file_path": "./train/r_6",
            "rotation": 0.012566370614359171,
            "transform_matrix": [
                [
                    -0.1076582819223404,
                    0.4600231349468231,
                    -0.8813561201095581,
                    -3.5528597831726074
                ],
                [
                    -0.994188129901886,
                    -0.04981481656432152,
                    0.09543997049331665,
                    0.3847307562828064
                ],
                [
                    0.0,
                    0.8865084648132324,
                    0.46271249651908875,
                    1.8652534484863281
                ],
                [
                    0.0,
                    0.0,
                    0.0,
                    1.0
                ]
            ]
        },
        {
            "file_path": "./train/r_7",
            "rotation": 0.012566370614359171,
            "transform_matrix": [
                [
                    0.9275531768798828,
                    -0.3422110676765442,
                    0.15012326836585999,
                    0.6051661968231201
                ],
                [
                    0.373691588640213,
                    0.8494142889976501,
                    -0.37262630462646484,
                    -1.5021045207977295
                ],
                [
                    0.0,
                    0.401730477809906,
                    0.9157580733299255,
                    3.6915383338928223
                ],
                [
                    0.0,
                    0.0,
                    0.0,
                    1.0
                ]
            ]
        },
        {
            "file_path": "./train/r_8",
            "rotation": 0.012566370614359171,
            "transform_matrix": [
                [
                    -0.2798376679420471,
                    0.319762647151947,
                    -0.9052308797836304,
                    -3.649101972579956
                ],
                [
                    -0.9600474834442139,
                    -0.09320541471242905,
                    0.2638595402240753,
                    1.06365168094635
                ],
                [
                    7.450582373280668e-09,
                    0.9429023265838623,
                    0.33306965231895447,
                    1.342646598815918
                ],
                [
                    0.0,
                    0.0,
                    0.0,
                    1.0
                ]
            ]
        },
        {
            "file_path": "./train/r_9",
            "rotation": 0.012566370614359171,
            "transform_matrix": [
                [
                    -0.899284303188324,
                    0.09410770982503891,
                    -0.42712029814720154,
                    -1.7217767238616943
                ],
                [
                    -0.4373648762702942,
                    -0.19349882006645203,
                    0.8782200217247009,
                    3.540217638015747
                ],
                [
                    0.0,
                    0.976576566696167,
                    0.21516987681388855,
                    0.8673774003982544
                ],
                [
                    0.0,
                    0.0,
                    0.0,
                    1.0
                ]
            ]
        },
        {
            "file_path": "./train/r_10",
            "rotation": 0.012566370614359171,
            "transform_matrix": [
                [
                    0.8059674501419067,
                    0.5537431240081787,
                    -0.2092493176460266,
                    -0.8435108661651611
                ],
                [
                    -0.591960072517395,
                    0.7539342045783997,
                    -0.2848978042602539,
                    -1.1484596729278564
                ],
                [
                    0.0,
                    0.3534855842590332,
                    0.9354401230812073,
                    3.7708792686462402
                ],
                [
                    0.0,
                    0.0,
                    0.0,
                    1.0
                ]
            ]
        },
        {
            "file_path": "./train/r_11",
            "rotation": 0.012566370614359171,
            "transform_matrix": [
                [
                    -0.7359381914138794,
                    -0.5744357109069824,
                    0.35835567116737366,
                    1.4445778131484985
                ],
                [
                    0.6770488619804382,
                    -0.6243997812271118,
                    0.38952523469924927,
                    1.5702261924743652
                ],
                [
                    1.4901164746561335e-08,
                    0.5292906761169434,
                    0.8484406471252441,
                    3.420173168182373
                ],
                [
                    0.0,
                    0.0,
                    0.0,
                    1.0
                ]
            ]
        },
        {
            "file_path": "./train/r_12",
            "rotation": 0.012566370614359171,
            "transform_matrix": [
                [
                    0.3493795692920685,
                    -0.14126531779766083,
                    0.9262711405754089,
                    3.7339179515838623
                ],
                [
                    0.9369814991950989,
                    0.05267469957470894,
                    -0.34538590908050537,
                    -1.392295002937317
                ],
                [
                    0.0,
                    0.988569438457489,
                    0.15076641738414764,
                    0.6077588200569153
                ],
                [
                    0.0,
                    0.0,
                    0.0,
                    1.0
                ]
            ]
        },
        {
            "file_path": "./train/r_13",
            "rotation": 0.012566370614359171,
            "transform_matrix": [
                [
                    0.4784345030784607,
                    0.2769165337085724,
                    -0.8333174586296082,
                    -3.3592095375061035
                ],
                [
                    -0.87812340259552,
                    0.15087448060512543,
                    -0.4540225565433502,
                    -1.8302232027053833
                ],
                [
                    -1.4901162970204496e-08,
                    0.9489752650260925,
                    0.31535041332244873,
                    1.2712180614471436
                ],
                [
                    0.0,
                    0.0,
                    0.0,
                    1.0
                ]
            ]
        },
        {
            "file_path": "./train/r_14",
            "rotation": 0.012566370614359171,
            "transform_matrix": [
                [
                    -0.9741113185882568,
                    -0.07121199369430542,
                    0.21456089615821838,
                    0.8649224042892456
                ],
                [
                    0.22606973350048065,
                    -0.30684515833854675,
                    0.9245209097862244,
                    3.7268619537353516
                ],
                [
                    0.0,
                    0.9490917325019836,
                    0.3150002360343933,
                    1.2698062658309937
                ],
                [
                    0.0,
                    0.0,
                    0.0,
                    1.0
                ]
            ]
        },
        {
            "file_path": "./train/r_15",
            "rotation": 0.012566370614359171,
            "transform_matrix": [
                [
                    0.8871619701385498,
                    0.35788071155548096,
                    -0.29131653904914856,
                    -1.1743344068527222
                ],
                [
                    -0.46145856380462646,
                    0.688031792640686,
                    -0.5600610375404358,
                    -2.2576780319213867
                ],
                [
                    0.0,
                    0.6312952637672424,
                    0.7755427360534668,
                    3.126312255859375
                ],
                [
                    0.0,
                    0.0,
                    0.0,
                    1.0
                ]
            ]
        },
        {
            "file_path": "./train/r_16",
            "rotation": 0.012566370614359171,
            "transform_matrix": [
                [
                    -0.5017755627632141,
                    0.6826261281967163,
                    -0.5312654972076416,
                    -2.141599416732788
                ],
                [
                    -0.8649981021881104,
                    -0.3959837257862091,
                    0.30818110704421997,
                    1.2423176765441895
                ],
                [
                    0.0,
                    0.6141812205314636,
                    0.7891651391983032,
                    3.1812260150909424
                ],
                [
                    0.0,
                    0.0,
                    0.0,
                    1.0
                ]
            ]
        },
        {
            "file_path": "./train/r_17",
            "rotation": 0.012566370614359171,
            "transform_matrix": [
                [
                    -0.2966540455818176,
                    -0.3159427344799042,
                    0.9012085199356079,
                    3.632887363433838
                ],
                [
                    0.9549852013587952,
                    -0.09814361482858658,
                    0.27994900941848755,
                    1.1285104751586914
                ],
                [
                    0.0,
                    0.9436886310577393,
                    0.3308352530002594,
                    1.33363938331604
                ],
                [
                    0.0,
                    0.0,
                    0.0,
                    1.0
                ]
            ]
        },
        {
            "file_path": "./train/r_18",
            "rotation": 0.012566370614359171,
            "transform_matrix": [
                [
                    0.9446200728416443,
                    0.2651959955692291,
                    -0.1932983547449112,
                    -0.7792104482650757
                ],
                [
                    -0.32816633582115173,
                    0.7633612155914307,
                    -0.5564053058624268,
                    -2.242941379547119
                ],
                [
                    0.0,
                    0.5890254974365234,
                    0.8081145286560059,
                    3.25761342048645
                ],
                [
                    0.0,
                    0.0,
                    0.0,
                    1.0
                ]
            ]
        },
        {
            "file_path": "./train/r_19",
            "rotation": 0.012566370614359171,
            "transform_matrix": [
                [
                    0.9137531518936157,
                    0.23738273978233337,
                    -0.329704612493515,
                    -1.329081654548645
                ],
                [
                    -0.4062705338001251,
                    0.5339034199714661,
                    -0.7415468096733093,
                    -2.9892704486846924
                ],
                [
                    0.0,
                    0.8115397691726685,
                    0.5842974185943604,
                    2.3553779125213623
                ],
                [
                    0.0,
                    0.0,
                    0.0,
                    1.0
                ]
            ]
        }
    ]
}
