{
    "camera_angle_x": 0.6911112070083618,
    "frames": [
        {
            "file_path": "./train/r_0",
            "rotation": 0.012566370614359171,
            "transform_matrix": [
                [
                    -0.9903792142868042,
                    -0.023305540904402733,
                    0.13640420138835907,
                    0.5498628616333008
                ],
                [
                    0.13838082551956177,
                    -0.16679565608501434,
                    0.976232647895813,
                    3.935319185256958
                ],
                [
                    -1.862645371275562e-09,
                    0.9857159852981567,
                    0.16841599345207214,
                    0.6789065003395081
                ],
                [
                    0.0,
                    0.0,
                    0.0,
                    1.0
                ]
            ]
        },
        {
            "file_path": "./train/r_1",
            "rotation": 0.012566370614359171,
            "transform_matrix": [
                [
                    0.9947428703308105,
                    0.014273494482040405,
                    -0.10140512883663177,
                    -0.4087770879268646
                ],
                [
                    -0.10240474343299866,
                    0.13865038752555847,
                    -0.9850327372550964,
                    -3.9707934856414795
                ],
                [
                    9.313225746154785e-10,
                    0.9902384877204895,
                    0.13938315212726593,
                    0.5618714094161987
                ],
                [
                    0.0,
                    0.0,
                    0.0,
                    1.0
                ]
            ]
        },
        {
            "file_path": "./train/r_2",
            "rotation": 0.012566370614359171,
            "transform_matrix": [
                [
                    0.9347274303436279,
                    -0.13564807176589966,
                    0.32845768332481384,
                    1.3240551948547363
                ],
                [
                    0.3553657829761505,
                    0.3567984700202942,
                    -0.8639503717422485,
                    -3.4826948642730713
                ],
                [
                    0.0,
                    0.9242804646492004,
                    0.38171401619911194,
                    1.5387381315231323
                ],
                [
                    0.0,
                    0.0,
                    0.0,
                    1.0
                ]
            ]
        },
        {
            "file_path": "./train/r_3",
            "rotation": 0.012566370614359171,
            "transform_matrix": [
                [
                    -0.5578781366348267,
                    0.5422987937927246,
                    -0.6282389163970947,
                    -2.5325119495391846
                ],
                [
                    -0.829923152923584,
                    -0.36453577876091003,
                    0.4223051369190216,
                    1.7023662328720093
                ],
                [
                    -1.4901164746561335e-08,
                    0.7569846510887146,
                    0.6534327268600464,
                    2.6340713500976562
                ],
                [
                    0.0,
                    0.0,
                    0.0,
                    1.0
                ]
            ]
        },
        {
            "file_path": "./train/r_4",
            "rotation": 0.012566370614359171,
            "transform_matrix": [
                [
                    0.8626796007156372,
                    -0.4161425530910492,
                    0.28741881251335144,
                    1.158622145652771
                ],
                [
                    0.5057512521743774,
                    0.7098305821418762,
                    -0.4902614951133728,
                    -1.9763070344924927
                ],
                [
                    1.4901164746561335e-08,
                    0.5683008432388306,
                    0.8228209614753723,
                    3.316896915435791
                ],
                [
                    0.0,
                    0.0,
                    0.0,
                    1.0
                ]
            ]
        },
        {
            "file_path": "./train/r_5",
            "rotation": 0.012566370614359171,
            "transform_matrix": [
                [
                    -0.24705657362937927,
                    0.013771108351647854,
                    -0.9689033031463623,
                    -3.905773639678955
                ],
                [
                    -0.9690011143684387,
                    -0.003511082148179412,
                    0.24703162908554077,
                    0.9958162307739258
                ],
                [
                    2.3283064365386963e-10,
                    0.9998990893363953,
                    0.014211654663085938,
                    0.0572890043258667
                ],
                [
                    0.0,
                    0.0,
                    0.0,
                    1.0
                ]
            ]
        },
        {
            "file_path": "./train/r_6",
            "rotation": 0.012566370614359171,
            "transform_matrix": [
                [
                    0.4361169636249542,
                    -0.5580082535743713,
                    0.7059950232505798,
                    2.845956802368164
                ],
                [
                    0.8998901844024658,
                    0.2704295217990875,
                    -0.3421488404273987,
                    -1.3792459964752197
                ],
                [
                    -2.980232594040899e-08,
                    0.784534752368927,
                    0.6200849413871765,
                    2.4996421337127686
                ],
                [
                    0.0,
                    0.0,
                    0.0,
                    1.0
                ]
            ]
        },
        {
            "file_path": "./train/r_7",
            "rotation": 0.012566370614359171,
            "transform_matrix": [
                [
                    -0.6774958968162537,
                    -0.1072375625371933,
                    -0.7276671528816223,
                    -2.9333200454711914
                ],
                [
                    -0.7355266809463501,
                    0.09877684712409973,
                    0.6702564358711243,
                    2.701890230178833
                ],
                [
                    0.0,
                    0.9893144965171814,
                    -0.1457969844341278,
                    -0.5877264142036438
                ],
                [
                    0.0,
                    0.0,
                    0.0,
                    1.0
                ]
            ]
        },
        {
            "file_path": "./train/r_8",
            "rotation": 0.012566370614359171,
            "transform_matrix": [
                [
                    -0.9588800072669983,
                    -0.002596308011561632,
                    -0.2837999761104584,
                    -1.1440341472625732
                ],
                [
                    -0.2838118374347687,
                    0.008771825581789017,
                    0.958840012550354,
                    3.8652071952819824
                ],
                [
                    0.0,
                    0.9999581575393677,
                    -0.009147991426289082,
                    -0.03687673062086105
                ],
                [
                    0.0,
                    0.0,
                    0.0,
                    1.0
                ]
            ]
        },
        {
            "file_path": "./train/r_9",
            "rotation": 0.012566370614359171,
            "transform_matrix": [
                [
                    0.8848505020141602,
                    0.42693036794662476,
                    -0.1864679753780365,
                    -0.7516764402389526
                ],
                [
                    -0.46587538719177246,
                    0.8108810782432556,
                    -0.3541639447212219,
                    -1.427680492401123
                ],
                [
                    0.0,
                    0.4002528488636017,
                    0.916404664516449,
                    3.694145441055298
                ],
                [
                    0.0,
                    0.0,
                    0.0,
                    1.0
                ]
            ]
        },
        {
            "file_path": "./train/r_10",
            "rotation": 0.012566370614359171,
            "transform_matrix": [
                [
                    -0.986207127571106,
                    0.14752668142318726,
                    0.07504495233297348,
                    0.30251583456993103
                ],
                [
                    0.16551697254180908,
                    0.8790146708488464,
                    0.4471436142921448,
                    1.8024933338165283
                ],
                [
                    0.0,
                    0.4533972144126892,
                    -0.891308605670929,
                    -3.5929794311523438
                ],
                [
                    0.0,
                    0.0,
                    0.0,
                    1.0
                ]
            ]
        },
        {
            "file_path": "./train/r_11",
            "rotation": 0.012566370614359171,
            "transform_matrix": [
                [
                    -0.3959299921989441,
                    0.053933996707201004,
                    0.9166954755783081,
                    3.6953177452087402
                ],
                [
                    0.9182809591293335,
                    0.02325441502034664,
                    0.39524638652801514,
                    1.5932891368865967
                ],
                [
                    0.0,
                    0.9982736110687256,
                    -0.05873367190361023,
                    -0.23676300048828125
                ],
                [
                    0.0,
                    0.0,
                    0.0,
                    1.0
                ]
            ]
        },
        {
            "file_path": "./train/r_12",
            "rotation": 0.012566370614359171,
            "transform_matrix": [
                [
                    -0.7826273441314697,
                    -0.21870893239974976,
                    0.5828045010566711,
                    2.3493597507476807
                ],
                [
                    0.6224907040596008,
                    -0.2749720811843872,
                    0.7327316999435425,
                    2.953735828399658
                ],
                [
                    0.0,
                    0.9362460970878601,
                    0.3513449430465698,
                    1.4163166284561157
                ],
                [
                    0.0,
                    0.0,
                    0.0,
                    1.0
                ]
            ]
        },
        {
            "file_path": "./train/r_13",
            "rotation": 0.012566370614359171,
            "transform_matrix": [
                [
                    -0.6834653615951538,
                    -0.29064247012138367,
                    -0.669628381729126,
                    -2.6993582248687744
                ],
                [
                    -0.7299830317497253,
                    0.27212145924568176,
                    0.6269567608833313,
                    2.527343273162842
                ],
                [
                    -1.4901164746561335e-08,
                    0.9173204302787781,
                    -0.398149698972702,
                    -1.6049925088882446
                ],
                [
                    0.0,
                    0.0,
                    0.0,
                    1.0
                ]
            ]
        },
        {
            "file_path": "./train/r_14",
            "rotation": 0.012566370614359171,
            "transform_matrix": [
                [
                    0.998323380947113,
                    -0.05769515037536621,
                    -0.004667821805924177,
                    -0.018816590309143066
                ],
                [
                    -0.057883672416210175,
                    -0.9950720071792603,
                    -0.08050622791051865,
                    -0.3245309591293335
                ],
                [
                    0.0,
                    0.0806414932012558,
                    -0.9967432618141174,
                    -4.01800012588501
                ],
                [
                    0.0,
                    0.0,
                    0.0,
                    1.0
                ]
            ]
        },
        {
            "file_path": "./train/r_15",
            "rotation": 0.012566370614359171,
            "transform_matrix": [
                [
                    0.8931497931480408,
                    -0.15285567939281464,
                    0.42298802733421326,
                    1.7051187753677368
                ],
                [
                    0.4497596025466919,
                    0.30354663729667664,
                    -0.8399857878684998,
                    -3.386090040206909
                ],
                [
                    0.0,
                    0.9404757022857666,
                    0.3398609757423401,
                    1.3700231313705444
                ],
                [
                    0.0,
                    0.0,
                    0.0,
                    1.0
                ]
            ]
        },
        {
            "file_path": "./train/r_16",
            "rotation": 0.012566370614359171,
            "transform_matrix": [
                [
                    0.9871082901954651,
                    0.0010874676518142223,
                    -0.16005082428455353,
                    -0.6451854705810547
                ],
                [
                    -0.1600545197725296,
                    0.006706766784191132,
                    -0.9870855212211609,
                    -3.9790685176849365
                ],
                [
                    0.0,
                    0.9999769926071167,
                    0.006794359069317579,
                    0.027388934046030045
                ],
                [
                    0.0,
                    0.0,
                    0.0,
                    1.0
                ]
            ]
        },
        {
            "file_path": "./train/r_17",
            "rotation": 0.012566370614359171,
            "transform_matrix": [
                [
                    -0.9999814629554749,
                    0.0003989805409219116,
                    0.006085424218326807,
                    0.024531126022338867
                ],
                [
                    0.006098488811403513,
                    0.06542164087295532,
                    0.9978392124176025,
                    4.022418022155762
                ],
                [
                    -2.9103830456733704e-11,
                    0.9978575706481934,
                    -0.06542287021875381,
                    -0.26372799277305603
                ],
                [
                    0.0,
                    0.0,
                    0.0,
                    1.0
                ]
            ]
        },
        {
            "file_path": "./train/r_18",
            "rotation": 0.012566370614359171,
            "transform_matrix": [
                [
                    0.9953925609588623,
                    -0.015398191288113594,
                    -0.09464068710803986,
                    -0.3815087378025055
                ],
                [
                    -0.09588516503572464,
                    -0.15985003113746643,
                    -0.9824735522270203,
                    -3.960477113723755
                ],
                [
                    -9.31322685637781e-10,
                    0.987021267414093,
                    -0.16058996319770813,
                    -0.647358775138855
                ],
                [
                    0.0,
                    0.0,
                    0.0,
                    1.0
                ]
            ]
        },
        {
            "file_path": "./train/r_19",
            "rotation": 0.012566370614359171,
            "transform_matrix": [
                [
                    0.9928368330001831,
                    0.011559740640223026,
                    0.11891898512840271,
                    0.47937771677970886
                ],
                [
                    0.11947951465845108,
                    -0.09605777263641357,
                    -0.9881790280342102,
                    -3.9834766387939453
                ],
                [
                    -9.313227966600834e-10,
                    0.995308518409729,
                    -0.09675086289644241,
                    -0.3900151550769806
                ],
                [
                    0.0,
                    0.0,
                    0.0,
                    1.0
                ]
            ]
        }
    ]
}
